Matrix
-150.6 -8.29 7.39 8.57 
7.7 -77 -0.89 -2.62 
4.33 3.03 146.8 -4.28 
8.74 -2.6 -1.27 -112.4 

Matrix Q
-0.9966129 -0.05204318 0.03023352 0.05603762 
0.05095564 -0.9972609 0.03624831 -0.0395002 
0.02865428 0.03755021 0.9988683 0.005570291 
0.05783796 -0.03677189 -0.005840219 0.9976314 

Matrix R
151.1118 4.27478 -3.277327 -15.2981 
0 77.42991 6.062034 6.13926 
0 0 146.8324 -3.454585 
0 0 0 -111.5739 

Matrix Q*R
-150.6 -8.29 7.39 8.569999 
7.700001 -76.99999 -0.8899999 -2.62 
4.33 3.03 146.8 -4.28 
8.740001 -2.6 -1.27 -112.4 

Matrix A-Q*R
-1.525879e-05 0 0 -9.536743e-07 
9.536743e-07 7.629395e-06 1.192093e-07 -4.768372e-07 
4.768372e-07 -2.384186e-07 0 4.768372e-07 
9.536743e-07 2.384186e-07 0 -7.629395e-06 

Norm1 A-Q*R
1.764297e-05

Norminf A-Q*R
1.621246e-05
