Matrix
26.49 42.966 -56.778 -72.576 -6.918
-0.42 -0.681 1.043 0.651 -0.247
8.82 14.322 -18.896 -24.192 -2.306
2.52 4.092 -5.256 -7.412 -1.016

XGaus
2.99999999904575 1.00000000001461 0.999999999681992 0.999999999909139 
NormV XGaus
3.46410161419754
Treg Matrix after Gaus
26.49 42.966 -56.778 -72.576 -6.918
0 0.016219705549263 0.00856625141562972 -0.0273975084937739 -0.00261155152887893
0 0 0.142857142857142 -0.5 -0.357142857142857
0 0 0 7.33137830066788e-06 7.33137830000175e-06

discrepancyG=2.09243907521654e-14

XQR
3.00000000074311 0.999999999989092 1.00000000024791 1.00000000007083 
NormV XQR
3.46410161587017
Treg Matrix after QR
28.0363924212799 45.4797186756523 -60.0788822859224 -76.8595084424785 -7.34949478890885
0 0.0159431339759989 0.0482785493983528 -0.166434476372473 -0.102212792998115
0 0 0.197629592803317 -0.6916983053558 -0.494068712552484
-0 -0 0 5.09406769683141e-06 5.09406769719223e-06

discrepancyQR=2.06214774378729e-14

Matrix Q
0.944843387906564 -0.326878927858382 0.014754476265807 0.0142633895523687 
-0.014980529366582 0.0194604903254304 0.718753772377559 0.694830833907952 
0.314591116698222 0.908511132589654 -0.200268242842247 0.188500881069849 
0.0898831761994919 0.259574609311298 0.665633496026176 -0.693883337316259 

Matrix R
28.0363924212799 45.4797186756523 -60.0788822859224 -76.8595084424785 
0 0.0159431339759989 0.0482785493983528 -0.166434476372473 
0 0 0.197629592803317 -0.6916983053558 
-0 -0 0 5.09406769683141e-06 

Cond1=216762553.020912826061249   Condinf=652155515.082334995269775

Matrix A^(-1)
29433.333327140036999 1432199.999697691062465 388435.999917950131930 -1430225.999698107130826 
-466.666666572976965 -21733.333328760028962 -5833.333332092093769 21699.999995432990545 
9799.999997935414285 477399.999899222864769 129511.999972648030962 -476741.999899361631833 
2799.999999410109922 136399.999971206125338 37003.999992185039446 -136213.999971245764755 

Matrix A*A^(-1)
0.999999999970896 -0.000000001862645 -0.000000000931323 0.000000007450581 
0.000000000002046 0.999999999956344 -0.000000000007276 -0.000000000043656 
0.000000000000000 0.000000001396984 0.999999999767169 0.000000001396984 
0.000000000003638 0.000000000465661 0.000000000000000 1.000000000232831 

Max deltax/deltaright= 3223746.647706822026521 Number 2
