Matrix
1.84 0.04 7.084 -23.292 -7.136
27 -0.069 108.476 -345.393 -319.604
5.4 -0.01 21.669 -69.057 -62.676
1.8 0 7.2 -23 -19.8

XGaus
4.99999999970668 300.000000000487 -3.99999999993033 -1.1443609934835e-12 
NormV XGaus
300.068325553179
Treg Matrix after Gaus
27 -0.069 108.476 -345.393 -319.604
0 0.0447022222222222 -0.308438518518519 0.245893333333331 14.6444207407407
0 0 1.94206933128716e-05 0.000697355339026064 -7.76827732509311e-05
0 0 0 0.000682593856664145 -7.81133783957916e-16

discrepancyG=8.88178419700125e-16

XQR
5.00000000220878 299.999999996221 -4.00000000054611 1.90443812745907e-12 
NormV XQR
300.068325548964
Treg Matrix after QR
27.6547572760999 -0.0666576090903942 111.078868974735 -353.746589866279 -326.038972245559
0 0.0449195185899427 -0.309935950251245 0.247222053623837 14.7155993779878
0 0 1.97923833323292e-05 0.000900788207768305 -7.91695333384101e-05
0 -0 0 -0.00065075414754251 -1.23932101018208e-15

discrepancyQR=5.68711676634668e-14

Matrix Q
0.0665346646014567 0.989214556585058 -0.108018602748238 0.073209841598772 
0.976323882738767 -0.0872801935963156 -0.19792383332911 -2.23923657394209e-12 
0.195264776547753 0.0671397031605444 0.933600038977904 0.292839366410539 
0.0650882588492511 0.0965866921761529 0.278476399145574 -0.953354826165661 

Matrix R
27.6547572760999 -0.0666576090903942 111.078868974735 -353.746589866279 
0 0.0449195185899427 -0.309935950251245 0.247222053623837 
0 0 1.97923833323292e-05 0.000900788207768305 
0 -0 0 -0.00065075414754251 

Cond1=374905765.380523383617401   Condinf=438116482.800839304924011

Matrix A^(-1)
-87.499999844339513 39999.999998012106516 -276349.999985660950188 229139.999986642069416 
-1687.500000265034032 -68999.999996618367732 469249.999975606566295 -371024.999977273400873 
-337.500000038241865 -9999.999999512141585 67649.999996480808477 -52604.999996721227944 
-112.499999999789253 -0.000000002852566 -449.999999979474239 1464.999999980996108 

Matrix A*A^(-1)
1.000000000000000 -0.000000000031188 0.000000000067303 -0.000000000007276 
0.000000000000000 0.999999999916947 0.000000000145519 0.000000000000000 
0.000000000000909 -0.000000000014198 1.000000000120053 0.000000000000000 
0.000000000000455 -0.000000000005574 0.000000000029104 1.000000000007276 

Max deltax/deltaright= 596862.226513338042423 Number 3
