Matrix
26.49 42.966 -56.778 -72.576 
-0.42 -0.681 1.043 0.651 
8.82 14.322 -18.896 -24.192 
2.52 4.092 -5.256 -7.412 

Matrix Q
0.9448434 -0.326879 0.01475947 0.01425719 
-0.01498053 0.01945831 0.7187569 0.6948276 
0.3145911 0.9085047 -0.200281 0.1885189 
0.08988318 0.2595976 0.6656261 -0.6938817 

Matrix R
28.03639 45.47971 -60.07888 -76.8595 
0 0.01594319 0.0482813 -0.1664456 
0 0 0.1976288 -0.6916959 
-0 -0 0 5.722046e-06 

Matrix Q*R
26.49 42.966 -56.77799 -72.57599 
-0.4199999 -0.6809999 1.043 0.6509997 
8.819999 14.322 -18.896 -24.192 
2.52 4.092 -5.256 -7.412 

Matrix A-Q*R
-1.907349e-06 -3.814697e-06 7.629395e-06 7.629395e-06 
5.960464e-08 1.192093e-07 -1.192093e-07 -2.980232e-07 
-9.536743e-07 -1.907349e-06 0 3.814697e-06 
0 0 0 4.768372e-07 

Norm1 A-Q*R
1.221895e-05

Norminf A-Q*R
2.098083e-05
