Matrix
1.84 0.04 7.084 -23.292 
27 -0.069 108.476 -345.393 
5.4 -0.01 21.669 -69.057 
1.8 0 7.2 -23 

Matrix Q
0.0665346646014567 0.989214556585058 -0.108018602748238 0.073209841598772 
0.976323882738767 -0.0872801935963156 -0.19792383332911 -2.23923657394209e-12 
0.195264776547753 0.0671397031605444 0.933600038977904 0.292839366410539 
0.0650882588492511 0.0965866921761529 0.278476399145574 -0.953354826165661 

Matrix R
27.6547572760999 -0.0666576090903942 111.078868974735 -353.746589866279 
0 0.0449195185899427 -0.309935950251245 0.247222053623837 
0 0 1.97923833323292e-05 0.000900788207768305 
0 -0 0 -0.00065075414754251 

Matrix Q*R
1.84 0.04 7.084 -23.292 
27 -0.069 108.476 -345.393 
5.4 -0.01 21.669 -69.057 
1.8 0 7.2 -23 

Matrix A-Q*R
0 1.38777878078145e-17 0 -3.5527136788005e-15 
0 -1.38777878078145e-17 1.4210854715202e-14 -5.6843418860808e-14 
-8.88178419700125e-16 0 0 2.8421709430404e-14 
-2.22044604925031e-16 0 0 0 

Norm1 A-Q*R
8.88178419700125e-14

Norminf A-Q*R
7.10681513638178e-14
