Matrix
26.49 42.966 -56.778 -72.576 
-0.42 -0.681 1.043 0.651 
8.82 14.322 -18.896 -24.192 
2.52 4.092 -5.256 -7.412 

Matrix Q
0.944843387906564 -0.326878927858382 0.014754476265807 0.0142633895523687 
-0.014980529366582 0.0194604903254304 0.718753772377559 0.694830833907952 
0.314591116698222 0.908511132589654 -0.200268242842247 0.188500881069849 
0.0898831761994919 0.259574609311298 0.665633496026176 -0.693883337316259 

Matrix R
28.0363924212799 45.4797186756523 -60.0788822859224 -76.8595084424785 
0 0.0159431339759989 0.0482785493983528 -0.166434476372473 
0 0 0.197629592803317 -0.6916983053558 
-0 -0 0 5.09406769683141e-06 

Matrix Q*R
26.49 42.966 -56.778 -72.576 
-0.42 -0.681 1.043 0.651 
8.82 14.322 -18.896 -24.192 
2.52 4.092 -5.256 -7.412 

Matrix A-Q*R
7.105427357601e-15 0 -2.8421709430404e-14 -1.4210854715202e-14 
-1.11022302462516e-16 0 4.44089209850063e-16 3.33066907387547e-16 
0 -1.77635683940025e-15 -3.5527136788005e-15 -1.06581410364015e-14 
0 -8.88178419700125e-16 -8.88178419700125e-16 0 

Norm1 A-Q*R
3.33066907387547e-14

Norminf A-Q*R
4.9737991503207e-14
