Matrix
80 -4.32 -5.04 3.69 
-6.7 149.8 -6.76 -1.13 
-4.52 1.69 -84.8 0 
-8.58 5.52 9.18 65.6 

Matrix Q
0.9893192 0.08633117 -0.04394263 -0.1089201 
-0.08285549 0.9959489 0.005926851 0.03443331 
-0.05589654 0.004828755 -0.9930735 -0.1032352 
-0.1061045 0.02468649 0.1088079 -0.9880756 

Matrix R
80.86369 -17.36577 -0.6600776 -3.216239 
0 148.9646 -7.35058 0.8125735 
0 0 85.3929 6.968956 
-0 -0 0 -65.25859 

Matrix Q*R
80.00001 -4.320003 -5.04 3.690002 
-6.700001 149.8 -6.76 -1.13 
-4.52 1.69 -84.80002 -4.768372e-07 
-8.580001 5.52 9.180002 65.60002 

Matrix A-Q*R
7.629395e-06 -2.384186e-06 0 2.145767e-06 
-9.536743e-07 0 0 -3.576279e-07 
-4.768372e-07 2.384186e-07 -1.525879e-05 -4.768372e-07 
-9.536743e-07 4.768372e-07 1.907349e-06 2.288818e-05 

Norm1 A-Q*R
2.586842e-05

Norminf A-Q*R
2.622604e-05
