Matrix
-150.6 -8.29 7.39 8.57 
7.7 -77 -0.89 -2.62 
4.33 3.03 146.8 -4.28 
8.74 -2.6 -1.27 -112.4 

Matrix Q
-0.996612876707486 -0.0520431802540654 0.0302335205899337 0.0560376266682535 
0.0509556384505155 -0.997260907211334 0.0362483070290668 -0.0395002037419421 
0.028654274609186 0.0375502076603806 0.998868302786666 0.00557029077960456 
0.0578379584490267 -0.0367718947259077 -0.00584021903272962 0.997631440043048 

Matrix R
151.111834414119 4.27478034731372 -3.27732637169104 -15.2981029511214 
0 77.4299118750772 6.06203389618632 6.13925960052195 
0 0 146.832448651158 -3.45458500960854 
0 0 0 -111.573881711024 

Matrix Q*R
-150.6 -8.29 7.39 8.57 
7.7 -77 -0.890000000000001 -2.62 
4.33 3.03 146.8 -4.28 
8.74 -2.6 -1.27 -112.4 

Matrix A-Q*R
-5.6843418860808e-14 0 1.77635683940025e-15 1.77635683940025e-15 
8.88178419700125e-16 0 -5.55111512312578e-16 8.88178419700125e-16 
8.88178419700125e-16 8.88178419700125e-16 2.8421709430404e-14 -1.77635683940025e-15 
1.77635683940025e-15 -8.88178419700125e-16 -4.44089209850063e-16 -5.6843418860808e-14 

Norm1 A-Q*R
6.12843109593086e-14

Norminf A-Q*R
6.03961325396085e-14
