Matrix
1.84 0.04 7.084 -23.292 
27 -0.069 108.476 -345.393 
5.4 -0.01 21.669 -69.057 
1.8 0 7.2 -23 

Matrix Q
0.06653466 0.9892146 -0.1082381 0.07288487 
0.9763239 -0.08728021 -0.1979229 -0.0005948357 
0.1952648 0.06713971 0.9327157 0.2956439 
0.06508826 0.0965867 0.2813404 -0.9525136 

Matrix R
27.65476 -0.06665761 111.0789 -353.7466 
0 0.04491952 -0.309936 0.2472231 
0 0 2.0496e-05 0.0009056505 
0 -0 0 -0.0006480818 

Matrix Q*R
1.84 0.04 7.083999 -23.292 
27 -0.06900001 108.476 -345.393 
5.400001 -0.01 21.669 -69.057 
1.8 4.656613e-10 7.2 -23 

Matrix A-Q*R
-1.192093e-07 3.72529e-09 -1.430511e-06 0 
1.907349e-06 -7.450581e-09 0 -3.051758e-05 
4.768372e-07 -9.313226e-10 0 0 
1.192093e-07 4.656613e-10 0 1.907349e-06 

Norm1 A-Q*R
3.242493e-05

Norminf A-Q*R
3.243238e-05
