Matrix
80 -4.32 -5.04 3.69 
-6.7 149.8 -6.76 -1.13 
-4.52 1.69 -84.8 0 
-8.58 5.52 9.18 65.6 

Matrix Q
0.989319153144956 0.0863311702741877 -0.0439426226882728 -0.108920099939874 
-0.0828554790758901 0.995948888906489 0.00592685010482475 0.0344333083056202 
-0.05589653215269 0.00482875455948152 -0.993073387856126 -0.103235203078521 
-0.106104479174797 0.0246864913348114 0.108807925681298 -0.988075529478164 

Matrix R
80.8636927180549 -17.3657713715375 -0.66007868557408 -3.21623946740601 
0 148.964622929981 -7.35057998338024 0.812573605411046 
0 0 85.3928853595941 6.96895430635499 
-0 -0 0 -65.2585795409311 

Matrix Q*R
80 -4.32 -5.04 3.69 
-6.7 149.8 -6.76 -1.13 
-4.52 1.69 -84.8 -8.88178419700125e-16 
-8.58 5.52 9.18 65.6 

Matrix A-Q*R
0 0 1.77635683940025e-15 3.10862446895044e-15 
0 2.8421709430404e-14 -1.77635683940025e-15 0 
-8.88178419700125e-16 2.22044604925031e-16 0 -8.88178419700125e-16 
-1.77635683940025e-15 8.88178419700125e-16 1.77635683940025e-15 1.4210854715202e-14 

Norm1 A-Q*R
2.95319324550292e-14

Norminf A-Q*R
3.01980662698043e-14
